75.0
73.0
70.33333333333333
57.0
54.333333333333336
51.0
53.666666666666664
66.33333333333333
52.666666666666664
79.33333333333333
30.0
45.666666666666664
62.0
67.0
70.33333333333333
73.33333333333333
47.0
78.0
58.0
74.66666666666667
73.66666666666667
61.333333333333336
74.0
51.666666666666664
72.33333333333333
57.0
53.333333333333336
55.333333333333336
72.0
59.666666666666664
62.666666666666664
80.0
45.666666666666664
59.333333333333336
46.0
63.0
44.666666666666664
53.666666666666664
60.0
50.333333333333336
43.0
58.0
92.33333333333333
46.0
77.66666666666667
47.666666666666664
34.0
60.0
83.0
73.0
50.666666666666664
45.333333333333336
58.333333333333336
48.0
34.0
77.33333333333333
69.33333333333333
47.333333333333336
53.0
39.666666666666664
43.0
47.0
41.666666666666664
74.33333333333333
65.33333333333333
63.0
69.33333333333333
75.66666666666667
65.66666666666667
64.0
42.0
75.66666666666667
44.0
42.333333333333336
48.666666666666664
46.0
61.0
43.666666666666664
45.0
67.33333333333333
57.333333333333336
65.33333333333333
60.333333333333336
77.0
33.0
54.666666666666664
68.66666666666667
64.66666666666667
71.0
55.333333333333336
65.0
73.33333333333333
63.0
73.66666666666667
53.666666666666664
79.33333333333333
93.66666666666667
62.666666666666664
60.333333333333336
57.333333333333336
57.666666666666664
55.0
68.0
55.333333333333336
62.333333333333336
88.66666666666667
60.24528301886792 59.132075471698116 60.990566037735846